0.000000000000000000e+00 3.175657864528218617e-06
1.111111111111111072e+01 4.407618100923190488e-05
2.222222222222222143e+01 1.072062787343170434e-04
3.333333333333332860e+01 3.048329513214193161e-04
4.444444444444444287e+01 4.927450282193877092e-04
5.555555555555555713e+01 3.617967133527794652e-04
6.666666666666665719e+01 3.556799435877516834e-04
7.777777777777777146e+01 2.465486314441474834e-04
8.888888888888888573e+01 2.442950685150233037e-04
1.000000000000000000e+02 2.350546766009152446e-04
1.111111111111111143e+02 2.409482148888050172e-04
1.222222222222222143e+02 2.014932234033608505e-04
1.333333333333333144e+02 1.302704864449277529e-04
1.444444444444444287e+02 1.797706153023543099e-04
1.555555555555555429e+02 1.596178470465382706e-04
1.666666666666666572e+02 1.401919251641339825e-04
1.777777777777777715e+02 1.283342316857142011e-04
1.888888888888888857e+02 1.260765674894290418e-04
2.000000000000000000e+02 1.142665991721202241e-04
2.111111111111111143e+02 9.932104550692947599e-05
2.222222222222222285e+02 7.445106476781766466e-05
2.333333333333333144e+02 1.279187131567547373e-04
2.444444444444444287e+02 9.614764726029211613e-05
2.555555555555555429e+02 9.161195002699343531e-05
2.666666666666666288e+02 9.711158761210712418e-05
2.777777777777777715e+02 9.377422540477732234e-05
2.888888888888888573e+02 8.742977489339102308e-05
3.000000000000000000e+02 7.108873285597231285e-05
3.111111111111110858e+02 7.703855328554932405e-05
3.222222222222222285e+02 7.259851143257134020e-05
3.333333333333333144e+02 6.130277865894824974e-05
3.444444444444444571e+02 4.303261907336482759e-05
3.555555555555555429e+02 2.822764231353948992e-05
3.666666666666666288e+02 5.956000148811069123e-06
3.777777777777777715e+02 2.819811917760293823e-06
3.888888888888888573e+02 1.595175418978166534e-06
4.000000000000000000e+02 9.386683145073489646e-07
4.111111111111110858e+02 6.361323169173479610e-07
4.222222222222222285e+02 4.649836598118323858e-07
4.333333333333333144e+02 2.338677814462774796e-07
4.444444444444444571e+02 2.279966965634706777e-07
4.555555555555555429e+02 1.047866592008354072e-07
4.666666666666666288e+02 6.387142782103094535e-08
4.777777777777777715e+02 2.636853650834842511e-08
4.888888888888888573e+02 1.257486311024555615e-08
5.000000000000000000e+02 2.200883460677933718e-09
5.111111111111110858e+02 0.000000000000000000e+00
5.222222222222221717e+02 0.000000000000000000e+00
5.333333333333332575e+02 0.000000000000000000e+00
5.444444444444444571e+02 0.000000000000000000e+00
5.555555555555555429e+02 0.000000000000000000e+00
5.666666666666666288e+02 0.000000000000000000e+00
5.777777777777777146e+02 0.000000000000000000e+00
5.888888888888889142e+02 0.000000000000000000e+00
6.000000000000000000e+02 0.000000000000000000e+00
6.111111111111110858e+02 0.000000000000000000e+00
6.222222222222221717e+02 0.000000000000000000e+00
6.333333333333332575e+02 0.000000000000000000e+00
6.444444444444444571e+02 0.000000000000000000e+00
6.555555555555555429e+02 0.000000000000000000e+00
6.666666666666666288e+02 0.000000000000000000e+00
6.777777777777777146e+02 0.000000000000000000e+00
6.888888888888889142e+02 0.000000000000000000e+00
7.000000000000000000e+02 0.000000000000000000e+00
